1	3
2	2
3	1
4	1
6	2
7	1
8	9
9	2
10	4
11	2
12	2
13	1
14	5
15	3
16	4
17	1
18	1
19	1
20	4
21	2
22	2
23	1
24	1
25	2
26	1
28	1
29	1
30	2
1888	2
1901	4
1903	1
1905	1
1927	3
1928	1
1930	1
1931	1
1935	1
1936	3
1938	3
1939	2
1940	5
1941	3
1942	2
1943	2
1945	3
1946	2
1947	3
1948	6
1949	4
1950	2
1951	3
1952	2
1954	9
1955	14
1956	4
1957	7
1958	8
1959	3
1960	3
1961	6
1962	7
1963	9
1964	12
1965	10
1966	16
1967	12
1968	14
1969	13
1970	11
1971	14
1972	11
1973	7
1974	5
1975	9
1976	10
1977	13
1978	10
1979	14
1980	12
1981	15
1982	14
1983	13
1984	21
1985	21
1986	21
1987	36
1988	23
1989	33
1990	26
1991	30
1992	31
1993	26
1994	27
1995	29
1996	27
1997	32
1998	43
1999	48
2000	48
2001	57
2002	73
2003	63
2004	89
2005	106
2006	89
2007	141
2008	136
2009	148
2010	165
2011	167
2012	190
2013	222
2014	195
2015	228
2016	172
2017	9
